0.36666666666666664, 0.16666666666666666, 0.4666666666666667, 30.0, 2.987303865502876, 3.058209667618107, 7.954486466879017	19.17, 0
0.2903225806451613, 0.3548387096774194, 0.3548387096774194, 31.0, 3.847910274209317, 4.155954712071714, 5.996135013718969	77.88, 1
0.14545454545454545, 0.09090909090909091, 0.7636363636363637, 55.0, 3.1631218907908423, 3.147765243426437, 7.689112865782721	41.4, 0
0.3, 0.3, 0.4, 20.0, 4.346493969921321, 3.980076110561314, 5.673429919517366	56.3, 1
0.0, 0.0, 1.0, 1.0, 5.778568127045356, 5.93226091939463, 15.289170953560015	29.97, 0
0.0, 0.7222222222222222, 0.2777777777777778, 18.0, 7.344630072228158, 8.057941170175175, 11.597428757596667	66.08, 1
0.3, 0.2, 0.5, 20.0, 8.569832388587836, 8.806312171171154, 22.62385544024101	58.98, 1
0.3103448275862069, 0.27586206896551724, 0.41379310344827586, 29.0, 10.841349870247, 11.959927628278637, 17.198722501474368	40.31, 0
0.12, 0.16, 0.72, 75.0, 3.132528862513145, 3.25309092502868, 7.614380212458175	33.28, 0
0.35, 0.25, 0.4, 20.0, 4.458557863799199, 4.135234649580624, 5.406207486620177	64.44, 1
0.2222222222222222, 0.1111111111111111, 0.6666666666666666, 36.0, 11.361096650130316, 11.680363422947677, 29.958539926922	28.2, 0
0.25, 0.10714285714285714, 0.6428571428571429, 28.0, 14.338069668265844, 15.861914086382098, 22.80001624535207	71.3, 1
0.0, 0.0, 0.0, 0.0, 8.996172078754539, 9.099094340779143, 21.90473358046632	78.0, 1
0.0, 0.0, 0.0, 0.0, 12.485038088151732, 11.510299034283086, 16.00466287756519	21.2, 0
0.35714285714285715, 0.07142857142857142, 0.5714285714285714, 14.0, 6.0008698580986986, 6.300702398002566, 14.698427743898739	48.7, 0
0.0, 0.5, 0.5, 2.0, 8.541870148030618, 8.050430006430403, 10.407699845538978	50.5, 1
0.2857142857142857, 0.10714285714285714, 0.6071428571428571, 28.0, 3.0333892199728894, 3.188744184447302, 7.777866595579809	49.6, 0
0.44680851063829785, 0.3829787234042553, 0.1702127659574468, 47.0, 4.180653888563908, 4.666462342297914, 5.152883769138179	49.9, 1
0.4, 0.3, 0.3, 10.0, 14.120612180507791, 14.545176147207759, 37.33421167228445	67.7, 1
0.4, 0.0, 0.6, 5.0, 17.91374072364439, 19.83417698211978, 28.25208229423584	32.3, 0
0.0, 0.0, 1.0, 2.0, 28.0610263412136, 28.846787937979876, 74.09218572080651	23.2, 0
0.0, 0.0, 0.0, 0.0, 35.55493242768095, 39.34090298384739, 56.104164588471676	71.1, 1
0.0, 0.0, 0.0, 0.0, 41.983512215066824, 43.188240366202194, 110.82824741873097	64.3, 1
0.25, 0.5, 0.25, 4.0, 53.29296207638155, 58.91284637687936, 83.79419154673913	35.5, 0
0.043478260869565216, 0.2608695652173913, 0.6956521739130435, 46.0, 14.152360911672796, 14.5544146747242, 37.293224413603	48.7, 0
0.1724137931034483, 0.4827586206896552, 0.3448275862068966, 29.0, 17.834789466284686, 19.763900544485562, 28.40130998922977	50.1, 1
0.2413793103448276, 0.06896551724137931, 0.6896551724137931, 29.0, 86.6183421505348, 89.05250362711242, 228.32915422235274	49.68, 1
0.3333333333333333, 0.2222222222222222, 0.4444444444444444, 9.0, 109.92802229058012, 121.40643929376299, 172.66553841565698	48.26, 0
0.0, 0.0, 1.0, 4.0, 16.943625173215278, 17.428465926500717, 44.627908900284005	61.6, 1
0.5, 0.0, 0.5, 2.0, 21.331509264303524, 23.665887002589024, 34.00260373310747	38.4, 0
0.0, 1.0, 0.0, 1.0, 175.72557702111013, 180.76364348623855, 463.5107794926513	16.5, 0
0.03571428571428571, 0.7142857142857143, 0.25, 28.0, 222.9100459325771, 246.4896223271828, 350.6003317402403	82.6, 1
0.0, 0.5, 0.5, 2.0, 253.96153774626484, 261.40513775930214, 668.6333244944328	49.4, 0
0.0, 0.0, 1.0, 1.0, 323.34572101534013, 355.85393181084896, 504.8003471738112	49.6, 1
0.0, 0.0, 0.0, 0.0, 47.58396902500437, 48.89650223230503, 125.51952874269058	57.1, 1
0.0, 0.0, 0.0, 0.0, 60.18956372775519, 66.65160190178193, 95.15883437046291	42.9, 0
0.0, 0.0, 0.0, 0.0, 2.9964543190160375, 3.2089503833396926, 7.794595297644271	47.3, 0
0.0, 0.0, 0.0, 0.0, 3.751546288553527, 4.496010282994879, 5.752443428451595	52.6, 1
0.1794871794871795, 0.1794871794871795, 0.6410256410256411, 39.0, 5.814250931624898, 6.168163156768655, 15.017585911606444	60.98, 1
0.1206896551724138, 0.22413793103448276, 0.6551724137931034, 58.0, 8.029705507343753, 8.932198902855038, 10.03809558980121	38.2, 0
0.16279069767441862, 0.046511627906976744, 0.7906976744186046, 43.0, 521.4451483182218, 536.559287414927, 1373.9955642668513	40.87, 0
0.22727272727272727, 0.38636363636363635, 0.38636363636363635, 44.0, 662.7842031827238, 730.9681325332019, 1038.2476642840747	54.5, 1
0.11764705882352941, 0.11764705882352941, 0.7647058823529411, 34.0, 788.9287588901788, 811.7134370705517, 2079.35780403927	42.7, 0
0.3684210526315789, 0.3684210526315789, 0.2631578947368421, 19.0, 1002.2226853501072, 1106.082333255555, 1571.694981394338	56.5, 1
0.17857142857142858, 0.03571428571428571, 0.7857142857142857, 28.0, 22.49570018941736, 23.297606175478315, 59.20669363510433	51.9, 1
0.10526315789473684, 0.5263157894736842, 0.3684210526315789, 19.0, 28.34448123322883, 31.691334724079525, 44.96418404269166	41.5, 0
0.09090909090909091, 0.09090909090909091, 0.8181818181818182, 11.0, 5.764915032243061, 6.1502487327802084, 15.084836234976732	26.02, 0
0.07692307692307693, 0.38461538461538464, 0.5384615384615384, 13.0, 7.319556211434658, 8.374122891883603, 11.30632089668174	73.44, 1
0.125, 0.0, 0.875, 16.0, 33.58372741985858, 35.060635078958235, 88.35563750118321	32.4, 0
0.46153846153846156, 0.15384615384615385, 0.38461538461538464, 13.0, 42.40679245106414, 47.77335109682246, 66.81985645211341	66.1, 1
0.1875, 0.0625, 0.75, 16.0, 44.67175465029981, 46.823663982438156, 117.50458136726208	33.2, 0
0.375, 0.125, 0.5, 8.0, 56.46910366889946, 63.855367469565394, 88.67552886153517	65.2, 1
0.0, 0.13333333333333333, 0.8666666666666667, 15.0, 800.6254522943839, 823.5107695836548, 2107.8637781219613	79.3, 1
0.3, 0.3, 0.4, 10.0, 1018.38770969269, 1120.9876205639791, 1592.6246697433305	20.3, 0
0.0, 0.2, 0.8, 10.0, 55.75978188074104, 58.586692885918076, 146.65352523334093	86.1, 1
0.0, 0.8333333333333334, 0.16666666666666666, 6.0, 70.53141488673477, 79.93738384230832, 110.53120127095693	13.6, 0
0.0, 0.0, 1.0, 3.0, 66.84780911118227, 70.34972178939803, 175.80246909941977	35.2, 0
0.6, 0.2, 0.2, 5.0, 84.59372610457008, 96.01940021505125, 132.38687368037867	64.3, 1
