alabama$ 0.6666666666666666, 0.1111111111111111, 0.2222222222222222, 18.0, 5.727351082427274, 3.303534626820179, 4.969114290752547	43.0, 1
alabama$ 0.0, 0.0, 1.0, 5.0, 1.5069124005465957, 5.897361014657325, 6.59572658479608	19.0, 0
alabama$ 0.0, 0.8125, 0.1875, 16.0, 2.0877221698212876, 9.839411037905519, 2.072866792273193	4.0, 0
alabama$ 0.1111111111111111, 0.3333333333333333, 0.5555555555555556, 9.0, 4.379261880258104, 4.95818661632761, 4.662551503414286	21.0, 0
alaska$ 0.0, 0.0, 0.0, 0.0, 11.0176942908388, 6.368880277262405, 9.613425431898794	34.0, 0
alaska$ 0.0, 0.0, 0.0, 0.0, 2.905769791270009, 11.395900811239994, 12.698329397489998	15.0, 0
alaska$ 0.0, 0.0, 0.0, 0.0, 4.02457393345302, 18.994102540027672, 3.9813235265193083	4.0, 0
alaska$ 0.0, 0.0, 0.0, 0.0, 8.46941484962512, 9.581719767308684, 8.948865383066195	36.0, 1
arizona$ 0.47368421052631576, 0.15789473684210525, 0.3684210526315789, 76.0, 5.792481870061643, 3.2813619187401235, 4.926156211198234	46.0, 1
arizona$ 0.0, 0.0, 1.0, 3.0, 2.0251374064720227, 5.307167540795433, 6.667695052732546	12.0, 0
arizona$ 0.25, 0.5, 0.25, 4.0, 2.2007327219003803, 9.306442331230967, 2.492824946868653	11.0, 0
arizona$ 0.17647058823529413, 0.29411764705882354, 0.5294117647058824, 17.0, 4.457755854713941, 4.573174637388526, 4.969069507897531	28.0, 0
arkansas$ 0.0, 0.0, 1.0, 2.0, 16.308037499250325, 9.434225927704631, 14.257736573045042	33.0, 1
arkansas$ 0.0, 0.0, 0.0, 0.0, 4.304627181993422, 16.894440607822663, 18.800932210183916	25.0, 0
arkansas$ 0.0, 1.0, 0.0, 5.0, 5.961425697084751, 28.14879404214982, 5.8897802607654235	4.0, 0
arkansas$ 0.0, 0.0, 1.0, 1.0, 12.559567818992132, 14.205252918289757, 13.235179262718109	30.0, 0
colorado$ 0.5396825396825397, 0.1111111111111111, 0.3492063492063492, 63.0, 21.598380707661857, 12.499571578146856, 18.90204771419129	0.0, 0
colorado$ 0.0, 0.42857142857142855, 0.5714285714285714, 7.0, 5.703484572716834, 22.39298040440533, 24.903535022877836	0.0, 0
colorado$ 0.15, 0.6, 0.25, 20.0, 7.898277460716482, 37.30348554427197, 7.798236995011539	0.0, 0
colorado$ 0.14285714285714285, 0.42857142857142855, 0.42857142857142855, 21.0, 16.649720788359144, 18.828786069270834, 17.52149314237002	100.0, 1
districtofcolumbia$ 0.5058823529411764, 0.10980392156862745, 0.3843137254901961, 255.0, 27.00050910182607, 15.543519531914919, 23.455971366259018	14.0, 0
districtofcolumbia$ 0.0, 0.11764705882352941, 0.8823529411764706, 17.0, 7.178157652877369, 27.729884291359546, 31.091958055763083	37.0, 1
districtofcolumbia$ 0.09090909090909091, 0.7090909090909091, 0.2, 55.0, 10.003347514961314, 46.10430142444734, 9.892351060591338	36.0, 0
districtofcolumbia$ 0.2345679012345679, 0.19753086419753085, 0.5679012345679012, 81.0, 20.74360554853149, 23.235997734116584, 22.020396717351925	12.0, 0
florida$ 0.46808510638297873, 0.19148936170212766, 0.3404255319148936, 188.0, 32.38923473548164, 18.55689282171892, 28.053872442799452	46.0, 1
florida$ 0.375, 0.125, 0.5, 8.0, 8.719543426304243, 32.98313924499752, 37.29731732869824	27.0, 0
florida$ 0.23076923076923078, 0.6153846153846154, 0.15384615384615385, 26.0, 12.103365945166502, 54.850716848644325, 12.045917206189172	7.0, 0
florida$ 0.2647058823529412, 0.29411764705882354, 0.4411764705882353, 34.0, 24.755077218359908, 27.610669268496228, 26.63425351314386	17.0, 0
georgia$ 0.48214285714285715, 0.10714285714285714, 0.4107142857142857, 56.0, 26.888723916073385, 15.564917228589081, 23.54635885533754	39.0, 1
georgia$ 0.0, 0.4, 0.6, 5.0, 7.102341963440247, 27.89152020098799, 31.006137835571757	25.0, 0
georgia$ 0.0625, 0.875, 0.0625, 16.0, 9.835129224348213, 46.45817704639412, 9.706693729257653	6.0, 0
georgia$ 0.19230769230769232, 0.3076923076923077, 0.5, 26.0, 20.73987375772616, 23.452319220251912, 21.807807022021933	24.0, 0
hawaii$ 0.0, 0.0, 0.0, 0.0, 32.31064641956839, 18.482106536555307, 28.207247043876315	42.0, 1
hawaii$ 0.0, 0.0, 0.0, 0.0, 8.551302393529625, 33.13220494736537, 37.31649265910497	13.0, 0
hawaii$ 0.0, 0.5, 0.5, 2.0, 11.905082076511624, 55.40184675364055, 11.693071169847816	11.0, 0
hawaii$ 0.0, 0.3333333333333333, 0.6666666666666666, 3.0, 24.830382963116527, 27.873417416442344, 26.296199620441136	33.0, 0
idaho$ 0.0, 0.0, 0.0, 0.0, 64.23381730097633, 36.745034990918825, 56.02114770810488	28.0, 0
idaho$ 0.0, 0.0, 0.0, 0.0, 16.95689620422492, 65.89914043365292, 74.14396336212214	16.0, 0
idaho$ 0.0, 0.0, 0.0, 0.0, 23.610555542455725, 110.17355652097973, 23.215887936564513	7.0, 0
idaho$ 0.0, 0.0, 0.0, 0.0, 49.38716284338141, 55.380746200900106, 52.23209095571849	45.0, 1
illinois$ 0.36363636363636365, 0.09090909090909091, 0.5454545454545454, 11.0, 128.23153060136804, 73.43213267074196, 111.33633672789003	39.0, 1
illinois$ 0.0, 0.0, 0.0, 0.0, 34.124525971005056, 131.10893189769988, 147.76654213129507	9.0, 0
illinois$ 0.0, 1.0, 0.0, 1.0, 47.47537862728943, 218.53335225730814, 46.99126911540238	20.0, 0
illinois$ 0.0, 0.0, 1.0, 1.0, 98.36539717180926, 109.87200393369663, 104.76259889449409	30.0, 0
iowa$ 0.4, 0.2, 0.4, 40.0, 5.815476252606523, 3.25918388662238, 4.925339860771098	24.0, 0
iowa$ 0.0, 1.0, 0.0, 1.0, 1.3369027158126534, 5.620115434328956, 7.04298184985839	23.0, 0
iowa$ 0.0, 0.8888888888888888, 0.1111111111111111, 9.0, 2.0012239008492387, 9.986685731948425, 2.0120903672023354	2.0, 0
iowa$ 0.3076923076923077, 0.15384615384615385, 0.5384615384615384, 13.0, 4.926277591990545, 4.029598062320531, 5.044124345688925	28.0, 1
kansas$ 0.3333333333333333, 0.2222222222222222, 0.4444444444444444, 9.0, 32.21195106336091, 18.532957031259777, 28.25509190537933	23.0, 0
kansas$ 0.0, 0.0, 0.0, 0.0, 8.546600566434956, 33.38874529769411, 37.064654135870924	17.0, 0
kansas$ 0.2, 0.4, 0.4, 5.0, 11.782982187143046, 55.62236643202157, 11.594651380835366	11.0, 0
kansas$ 0.3333333333333333, 0.3333333333333333, 0.3333333333333333, 3.0, 24.80577558837973, 28.079031436601962, 26.115192975018317	48.0, 1
kentucky$ 0.45454545454545453, 0.2727272727272727, 0.2727272727272727, 11.0, 63.96444266726236, 36.89216888877438, 56.14338844396329	36.0, 1
kentucky$ 0.0, 0.0, 1.0, 1.0, 16.942621982290763, 66.37015468805232, 73.6872233296569	16.0, 0
kentucky$ 0.5, 0.0, 0.5, 2.0, 23.3807791891009, 110.56831960868253, 23.050901202216536	14.0, 0
kentucky$ 0.4, 0.4, 0.2, 5.0, 49.28733242675946, 55.841656623203924, 51.87101095003662	32.0, 0
louisiana$ 0.5, 0.3333333333333333, 0.16666666666666666, 6.0, 95.71693427116381, 55.25138074628898, 84.03168498254725	41.0, 1
louisiana$ 0.0, 0.0, 0.0, 0.0, 25.33864339814657, 99.35156407841052, 110.30979252344288	11.0, 0
louisiana$ 0.0, 1.0, 0.0, 2.0, 34.97857619105876, 165.5142727853435, 34.50715102359771	6.0, 0
louisiana$ 0.0, 1.0, 0.0, 1.0, 73.76888926513921, 83.60428180980588, 77.62682892505494	38.0, 0
maine$ 0.0, 0.0, 0.0, 0.0, 127.46942587506526, 73.61059260380355, 111.9199815211312	33.0, 0
maine$ 0.0, 0.0, 0.0, 0.0, 33.73466481400237, 132.33297346876878, 146.93236171722887	8.0, 0
maine$ 0.0, 0.0, 0.0, 0.0, 46.57637319301662, 220.4602259620045, 45.96340084497888	12.0, 0
maine$ 0.0, 0.0, 1.0, 1.0, 98.25044610351894, 111.36690699640783, 103.38264690007325	46.0, 1
massachusetts$ 0.5172413793103449, 0.1896551724137931, 0.29310344827586204, 58.0, 32.17906712448491, 18.630262879031314, 28.19066999648379	49.0, 1
massachusetts$ 0.0, 1.0, 0.0, 3.0, 8.50119935416366, 33.39005999757066, 37.10874064826567	18.0, 0
massachusetts$ 0.11764705882352941, 0.7058823529411765, 0.17647058823529413, 17.0, 11.771980987979944, 55.61286854851627, 11.615150463503767	18.0, 0
massachusetts$ 0.2692307692307692, 0.4230769230769231, 0.3076923076923077, 26.0, 24.830026727093173, 28.07585237123299, 26.094120901673847	10.0, 0
michigan$ 0.3333333333333333, 0.0, 0.6666666666666666, 12.0, 228.45729780640156, 131.51015652578295, 200.03254566781553	37.0, 1
michigan$ 0.0, 0.0, 1.0, 1.0, 60.34543306906686, 236.09025327795604, 263.5643136529772	9.0, 0
michigan$ 0.16666666666666666, 0.8333333333333334, 0.0, 6.0, 83.644068779863, 393.883770497085, 82.47216072305201	24.0, 0
michigan$ 0.0, 0.0, 1.0, 2.0, 175.96032304653232, 198.56210888274677, 185.477568070721	25.0, 0
minnesota$ 0.5384615384615384, 0.07692307692307693, 0.38461538461538464, 13.0, 37.46941033289644, 21.695608529473546, 32.834981137630045	21.0, 0
minnesota$ 0.0, 0.0, 1.0, 1.0, 9.900056744887072, 38.888599794153336, 43.21134346095958	37.0, 1
minnesota$ 0.0, 1.0, 0.0, 5.0, 13.708832751611675, 64.76756005063842, 13.52360719774988	6.0, 0
minnesota$ 0.3333333333333333, 0.16666666666666666, 0.5, 6.0, 28.92017969646019, 32.699385522214065, 30.38043478132576	29.0, 0
mississippi$ 0.5, 0.5, 0.0, 2.0, 397.9711215202382, 229.34062371108925, 348.68825476867244	47.0, 1
mississippi$ 0.0, 0.0, 1.0, 1.0, 105.13282732463219, 411.7799059188418, 459.08726675652616	5.0, 0
mississippi$ 0.0, 0.0, 0.0, 0.0, 145.614433780902, 686.7486759753123, 143.6368902437856	9.0, 0
mississippi$ 0.0, 0.0, 0.0, 0.0, 306.6236362190501, 346.3670047155746, 323.00935906537535	36.0, 0
missouri$ 0.5, 0.0, 0.5, 6.0, 684.821097102122, 394.33980866999383, 598.839094227884	41.0, 1
missouri$ 0.0, 0.0, 0.0, 0.0, 181.28952529953634, 707.041127597024, 789.66934710344	6.0, 0
missouri$ 0.0, 0.0, 0.0, 0.0, 251.2424575556901, 1178.5749198269484, 248.18262261736132	10.0, 0
missouri$ 1.0, 0.0, 0.0, 1.0, 527.1384178544464, 594.1700978599794, 556.6914842855743	41.0, 0
nevada$ 0.0, 0.0, 0.0, 0.0, 5.48793397059427, 3.493963229147087, 5.018102800258644	46.0, 1
nevada$ 0.0, 0.0, 0.0, 0.0, 1.439793277855733, 5.8844817281676605, 6.675724993976607	24.0, 0
nevada$ 0.0, 0.0, 0.0, 0.0, 1.9734651359529645, 10.078280112080186, 1.948254751966848	4.0, 0
nevada$ 0.0, 0.0, 0.0, 0.0, 4.469403752101537, 4.828131012866182, 4.702465235032281	21.0, 0
newhampshire$ 0.3469387755102041, 0.08163265306122448, 0.5714285714285714, 49.0, 11.01638960790754, 6.5245051774493525, 9.45910521464311	35.0, 1
newhampshire$ 0.08333333333333333, 0.25, 0.6666666666666666, 12.0, 2.4534866716879753, 11.048390713010354, 13.498122615301671	11.0, 0
newhampshire$ 0.08333333333333333, 0.7916666666666666, 0.125, 24.0, 3.8113005085780856, 19.48299093957248, 3.705708551849434	16.0, 0
newhampshire$ 0.4090909090909091, 0.22727272727272727, 0.36363636363636365, 22.0, 9.295193595294856, 8.256980559287523, 9.447825845417624	12.0, 0
northcarolina$ 0.53125, 0.125, 0.34375, 64.0, 1241.4106636028764, 715.2474846692456, 1086.3418517278778	40.0, 1
northcarolina$ 0.2857142857142857, 0.5714285714285714, 0.14285714285714285, 7.0, 328.45452462806765, 1282.9733232963486, 1431.5721520755847	8.0, 0
northcarolina$ 0.06666666666666667, 0.8, 0.13333333333333333, 15.0, 455.0095364840907, 2138.6164873965886, 449.37397611932033	13.0, 0
northcarolina$ 0.2727272727272727, 0.2727272727272727, 0.45454545454545453, 33.0, 955.9114385370837, 1078.4681917862622, 1008.6203696766546	37.0, 0
ohio$ 0.4807692307692308, 0.15384615384615385, 0.36538461538461536, 52.0, 1798.0002301036304, 1036.1551606684975, 1573.8446092278718	36.0, 0
ohio$ 0.1111111111111111, 0.4444444444444444, 0.4444444444444444, 9.0, 475.6195239565989, 1858.905518995673, 2073.4749570477297	2.0, 0
ohio$ 0.14285714285714285, 0.5714285714285714, 0.2857142857142857, 7.0, 658.7766154124913, 3098.6580549662294, 650.5653296212794	47.0, 1
ohio$ 0.45454545454545453, 0.36363636363636365, 0.18181818181818182, 11.0, 1384.6844592197208, 1562.7662857125447, 1460.549255067735	13.0, 0
oklahoma$ 0.36363636363636365, 0.2727272727272727, 0.36363636363636365, 22.0, 47.87170325993373, 28.004917409062866, 42.12337933100344	28.0, 0
oklahoma$ 0.0, 0.0, 0.0, 0.0, 12.6061538072284, 49.81743028576527, 55.57641590700632	26.0, 0
oklahoma$ 0.2, 0.7333333333333333, 0.06666666666666667, 15.0, 17.4816250932396, 83.28540396346553, 17.232970943294866	4.0, 0
oklahoma$ 0.38461538461538464, 0.23076923076923078, 0.38461538461538464, 13.0, 37.20326582969344, 41.719677137041714, 39.07705703326486	34.0, 1
southcarolina$ 0.3076923076923077, 0.11538461538461539, 0.5769230769230769, 26.0, 16.131508083601318, 9.782273633763225, 14.08621828263546	33.0, 1
southcarolina$ 0.2222222222222222, 0.1111111111111111, 0.6666666666666666, 9.0, 3.748828238252129, 16.337112557137708, 19.914059204610165	23.0, 0
southcarolina$ 0.3125, 0.625, 0.0625, 16.0, 5.614634125051354, 28.94081577063086, 5.44455010431779	8.0, 0
southcarolina$ 0.38461538461538464, 0.38461538461538464, 0.23076923076923078, 13.0, 13.486534271496474, 12.504116761133817, 14.009348967369714	22.0, 0
tennessee$ 0.3333333333333333, 0.25, 0.4166666666666667, 24.0, 73.9780688828984, 43.89371662221661, 65.12821449488506	39.0, 1
tennessee$ 0.0, 0.5, 0.5, 4.0, 18.936326632574332, 76.69525452263372, 87.36841884479195	21.0, 0
tennessee$ 0.0, 0.7, 0.3, 10.0, 26.76472085125745, 129.98422112723844, 26.251058021504097	5.0, 0
tennessee$ 0.26666666666666666, 0.2, 0.5333333333333333, 15.0, 58.66921118606727, 62.92106810487939, 61.409720709053346	25.0, 0
texas$ 0.64, 0.08, 0.28, 25.0, 100.08443450586304, 59.78251583537034, 88.13304965876667	27.0, 0
texas$ 0.0, 0.0, 1.0, 1.0, 25.266499457920265, 103.57307875950215, 119.16042178257757	18.0, 0
texas$ 0.0625, 0.75, 0.1875, 16.0, 36.04781660927531, 176.6830382910114, 35.26914509971333	4.0, 0
texas$ 0.3333333333333333, 0.25, 0.4166666666666667, 12.0, 80.13515654244111, 84.12245907271705, 83.74238438484184	44.0, 1
utah$ 0.47368421052631576, 0.2631578947368421, 0.2631578947368421, 19.0, 1835.349427068762, 1057.5564395684912, 1606.094133362746	14.0, 0
utah$ 0.0, 0.0, 1.0, 5.0, 486.3861318082961, 1896.081441118238, 2116.5324270734677	0.0, 0
utah$ 0.0, 1.0, 0.0, 1.0, 672.7253037486922, 3161.3363265905696, 664.9383696607385	17.0, 0
utah$ 0.2, 0.2, 0.6, 10.0, 1413.3704310822432, 1594.1701781691368, 1491.4593907486203	69.0, 1
vermont$ 0.2, 0.2, 0.6, 10.0, 126.19080012882769, 75.67131504852406, 111.13788482264827	33.0, 1
vermont$ 0.0, 0.0, 1.0, 2.0, 31.596672283266198, 130.4509029963706, 150.95242472036318	19.0, 0
vermont$ 0.5, 0.0, 0.5, 2.0, 45.330912367293166, 223.38185545478436, 44.28723217792256	30.0, 0
vermont$ 1.0, 0.0, 0.0, 1.0, 101.60110189881496, 105.3238500405547, 106.07504806063035	10.0, 0
virginia$ 0.4444444444444444, 0.1111111111111111, 0.4444444444444444, 9.0, 152.2971657517923, 91.56011426167777, 134.1427199865299	35.0, 1
virginia$ 0.0, 0.0, 0.0, 0.0, 37.92684510861213, 157.32872723323908, 182.74442765814882	32.0, 0
virginia$ 0.2, 0.4, 0.4, 5.0, 54.614008125311024, 270.08067261855734, 53.305319256131796	9.0, 0
virginia$ 1.0, 0.0, 0.0, 1.0, 123.06704725518881, 126.52524100839236, 128.40771173641886	17.0, 0
wyoming$ 0.0, 0.0, 0.0, 0.0, 708.8795542593276, 412.47023124196016, 621.6502144987123	7.0, 0
wyoming$ 0.0, 0.0, 0.0, 0.0, 185.0183266406333, 733.2796490798725, 824.7020242794945	15.0, 0
wyoming$ 0.0, 0.0, 0.0, 0.0, 258.39877286089535, 1230.224094467558, 254.3771326715469	3.0, 0
wyoming$ 0.0, 0.0, 1.0, 1.0, 551.8461677034154, 610.920256342411, 580.2335759541737	71.0, 1
